Pmax(0.0) = 0.7885314094370353
Pmax(1.0) = 0.7886848458208378
Pmax(2.0) = 0.7891541741834099
Pmax(3.0) = 0.7899360080344042
Pmax(4.0) = 0.7910404296962154
Pmax(5.0) = 0.7924747168369699
Pmax(6.0) = 0.7942494590798926
Pmax(7.0) = 0.7963781415902501
Pmax(8.0) = 0.7988819727274188
Pmax(9.0) = 0.8017744451250355
Pmax(10.0) = 0.8050803988167378
Pmax(11.0) = 0.8088279285726843
Pmax(12.0) = 0.813038108593643
Pmax(13.0) = 0.8152457160430937
Pmax(14.0) = 0.8208230382617334
Pmax(15.0) = 0.8269595866644428
Pmax(16.0) = 0.8336941250341837
Pmax(17.0) = 0.8410624948985654
Pmax(18.0) = 0.8491196214036822
Pmax(19.0) = 0.8579062617262234
Pmax(20.0) = 0.8674901323724986
Pmax(21.0) = 0.877920468465913
Pmax(22.0) = 0.8911936372752749
Pmax(23.0) = 0.9029242467780904
Pmax(24.0) = 0.915868105137717
Pmax(25.0) = 0.9301225168809026
Pmax(26.0) = 0.9457731969912624
Pmax(27.0) = 0.9614258872663356
Pmax(28.0) = 0.9812759984195238
Pmax(29.0) = 1.0
Pmax(30.0) = 1.023493656168324
Pmax(31.0) = 1.045754920872374
Pmax(32.0) = 1.0734066523070394
Pmax(33.0) = 1.1007171160145333
Pmax(34.0) = 1.129720304973186
Pmax(35.0) = 1.1631110618586098
Pmax(36.0) = 1.1969260545956906
Pmax(37.0) = 1.2326446987949686
Pmax(38.0) = 1.2701180316930583
Pmax(39.0) = 1.3123523360829963
Pmax(40.0) = 1.3540752729564656
Pmax(41.0) = 1.3970756285874597
Pmax(42.0) = 1.4436971754567587
Pmax(43.0) = 1.4890206113293942
Pmax(44.0) = 1.534396826476551
Pmax(45.0) = 1.579191883539102
Pmax(46.0) = 1.6260359516931253
Pmax(47.0) = 1.6685552815452802
Pmax(48.0) = 1.7085385604559058
Pmax(49.0) = 1.7479911763008693
Pmax(50.0) = 1.7815325516932856
Pmax(51.0) = 1.8108138037407944
Pmax(52.0) = 1.8354653679544237
Pmax(53.0) = 1.8552656959043705
Pmax(54.0) = 1.8701468333229172
Pmax(55.0) = 1.8801871807797792
Pmax(56.0) = 1.8855912198412297
Pmax(57.0) = 1.8867025630936574
Pmax(58.0) = 1.883923685945343
Pmax(59.0) = 1.8776984179661542
Pmax(60.0) = 1.8685417583576505
Pmax(61.0) = 1.8569541092694335
Pmax(62.0) = 1.843440002059147
Pmax(63.0) = 1.8284290120979876
Pmax(64.0) = 1.8123883334058868
Pmax(65.0) = 1.795662912000502
Pmax(66.0) = 1.7786402625397042
Pmax(67.0) = 1.7615713446425187
Pmax(68.0) = 1.7447184620096836
Pmax(69.0) = 1.7259010760151765
Pmax(70.0) = 1.7102480629556758
Pmax(71.0) = 1.6953043132163281
Pmax(72.0) = 1.6811416823301013
Pmax(73.0) = 1.6678537772034363
Pmax(74.0) = 1.6554778703704889
Pmax(75.0) = 1.6440641726487135
Pmax(76.0) = 1.6336173593450534
Pmax(77.0) = 1.6241487071350378
Pmax(78.0) = 1.6156120828469247
Pmax(79.0) = 1.6080154275764258
Pmax(80.0) = 1.6013230318110319
Pmax(81.0) = 1.5954750938785192
Pmax(82.0) = 1.5904346518002817
Pmax(83.0) = 1.5861598850179586
Pmax(84.0) = 1.582581101791443
Pmax(85.0) = 1.577201022574296
Pmax(86.0) = 1.5749305104682054
Pmax(87.0) = 1.573218529628857
Pmax(88.0) = 1.5720185821967132
Pmax(89.0) = 1.5713204860124634
Pmax(90.0) = 1.5710793729270505