T(-90.0) =
[0.0, 1.0, -0.0]
[1.0, 0.0, 0.0]
[0.0, -0.0, -1.0]
------------------------------------
T(-75.0) =
[0.06699, 0.93301, -0.5]
[0.93301, 0.06699, 0.5]
[0.25, -0.25, -0.86603]
------------------------------------
T(-59.99999999999999) =
[0.25, 0.75, -0.86603]
[0.75, 0.25, 0.86603]
[0.43301, -0.43301, -0.5]
------------------------------------
T(-45.0) =
[0.5, 0.5, -1.0]
[0.5, 0.5, 1.0]
[0.5, -0.5, 0.0]
------------------------------------
T(-29.999999999999996) =
[0.75, 0.25, -0.86603]
[0.25, 0.75, 0.86603]
[0.43301, -0.43301, 0.5]
------------------------------------
T(-14.999999999999998) =
[0.93301, 0.06699, -0.5]
[0.06699, 0.93301, 0.5]
[0.25, -0.25, 0.86603]
------------------------------------
T(0.0) =
[1.0, 0.0, 0.0]
[0.0, 1.0, -0.0]
[-0.0, 0.0, 1.0]
------------------------------------
T(14.999999999999998) =
[0.93301, 0.06699, 0.5]
[0.06699, 0.93301, -0.5]
[-0.25, 0.25, 0.86603]
------------------------------------
T(29.999999999999996) =
[0.75, 0.25, 0.86603]
[0.25, 0.75, -0.86603]
[-0.43301, 0.43301, 0.5]
------------------------------------
T(45.0) =
[0.5, 0.5, 1.0]
[0.5, 0.5, -1.0]
[-0.5, 0.5, 0.0]
------------------------------------
T(59.99999999999999) =
[0.25, 0.75, 0.86603]
[0.75, 0.25, -0.86603]
[-0.43301, 0.43301, -0.5]
------------------------------------
T(75.0) =
[0.06699, 0.93301, 0.5]
[0.93301, 0.06699, -0.5]
[-0.25, 0.25, -0.86603]
------------------------------------
T(90.0) =
[0.0, 1.0, 0.0]
[1.0, 0.0, -0.0]
[-0.0, 0.0, -1.0]
------------------------------------