Ql(-90.0) =
[16657.34674226295, 4630.742394349101, 0.0]
[4630.742394349101, 46887.346385629055, 0.0]
[0.0, 0.0, 5830.0]
------------------------------------
Ql(-75.0) =
[16747.217857744316, 6565.8187359787225, -426.835438318004]
[6565.818735978721, 42927.32258688845, -7130.669611623461]
[-426.835438318004, -7130.669611623461, 7765.156728461912]
------------------------------------
Ql(-60.0) =
[18409.297136254125, 10436.286772099515, -3193.130524711166]
[10436.286772099513, 33524.30723613705, -9896.770689862684]
[-3193.1305247111663, -9896.770689862686, 11635.490689928472]
------------------------------------
Ql(-45.0) =
[24031.544479147553, 12371.544479147553, -7557.499910841526]
[12371.544479147553, 24031.544479147553, -7557.499910841526]
[-7557.499910841526, -7557.499910841526, 13570.802084798452]
------------------------------------
Ql(-30.0) =
[33524.30723613705, 10436.286772099513, -9896.770689862684]
[10436.286772099515, 18409.297136254125, -3193.130524711166]
[-9896.770689862686, -3193.1305247111663, 11635.490689928472]
------------------------------------
Ql(-15.0) =
[42927.32258688845, 6565.818735978721, -7130.669611623461]
[6565.8187359787225, 16747.217857744316, -426.835438318004]
[-7130.669611623461, -426.835438318004, 7765.156728461912]
------------------------------------
Ql(0.0) =
[46887.346385629055, 4630.742394349101, 0.0]
[4630.742394349101, 16657.34674226295, 0.0]
[0.0, 0.0, 5830.0]
------------------------------------
Ql(15.0) =
[42927.32258688845, 6565.818735978721, 7130.669611623461]
[6565.8187359787225, 16747.217857744316, 426.835438318004]
[7130.669611623461, 426.835438318004, 7765.156728461912]
------------------------------------
Ql(30.0) =
[33524.30723613705, 10436.286772099513, 9896.770689862684]
[10436.286772099515, 18409.297136254125, 3193.130524711166]
[9896.770689862686, 3193.1305247111663, 11635.490689928472]
------------------------------------
Ql(45.0) =
[24031.544479147553, 12371.544479147553, 7557.499910841526]
[12371.544479147553, 24031.544479147553, 7557.499910841526]
[7557.499910841526, 7557.499910841526, 13570.802084798452]
------------------------------------
Ql(60.0) =
[18409.297136254125, 10436.286772099515, 3193.130524711166]
[10436.286772099513, 33524.30723613705, 9896.770689862684]
[3193.1305247111663, 9896.770689862686, 11635.490689928472]
------------------------------------
Ql(75.0) =
[16747.217857744316, 6565.8187359787225, 426.835438318004]
[6565.818735978721, 42927.32258688845, 7130.669611623461]
[426.835438318004, 7130.669611623461, 7765.156728461912]
------------------------------------
Ql(90.0) =
[16657.34674226295, 4630.742394349101, 0.0]
[4630.742394349101, 46887.346385629055, 0.0]
[0.0, 0.0, 5830.0]
------------------------------------